0001122233340NOMBRE DE LA EMPRESA                    20190927123543 0
1  0 0          000                                                        0                 0       0 0                                                                                                                                                                                                                                                                                                                                                                                                                                                                                             
2          00                                       0  0                                       0  0              0  0              0  0              0 0  0                 0   0          00                                       00                                       0 00  0      0                                       0               00                                       0 0 0       0                   0                             0  0      0       0              0       0                                                                               0              
3                                                                                                                                                                                                                                                                                                                                                                                                                                                                                                                                                                                               
5 9   9               1                                                                                                                                                                                                                                                                                                                                                                                                                                                                                                                                                          
9 0           15,22                                                                                                                                                                                                                                                                                                                                                                                                                                                                                                                                                          
0001122233340NOMBRE DE LA EMPRESA                    20190927123543 0
1  0 0          000                                                        0                 0       0 0                                                                                                                                                                                                                                                                                                                                                                                                                                                                                             
2          00                                       0  0                                       0  0              0  0              0  0              0 0  0                 0   0          00                                       00                                       0 00  0      0                                       0               00                                       0 0 0       0                   0                             0  0      0       0              0       0                                                                               0              
3                                                                                                                                                                                                                                                                                                                                                                                                                                                                                                                                                                                               
5 9   9               1                                                                                                                                                                                                                                                                                                                                                                                                                                                                                                                                                          
9 0           15,22                                                                                                                                                                                                                                                                                                                                                                                                                                                                                                                                                          
0001122233340NOMBRE DE LA EMPRESA                    20190927123543 0
1  0 0          000                                                        0                 0       0 0                                                                                                                                                                                                                                                                                                                                                                                                                                                                                             
2          00                                       0  0                                       0  0              0  0              0  0              0 0  0                 0   0          00                                       00                                       0 00  0      0                                       0               00                                       0 0 0       0                   0                             0  0      0       0              0       0                                                                               0              
3                                                                                                                                                                                                                                                                                                                                                                                                                                                                                                                                                                                               
5 9   9               1                                                                                                                                                                                                                                                                                                                                                                                                                                                                                                                                                          
9 0           15,22                                                                                                                                                                                                                                                                                                                                                                                                                                                                                                                                                          
